    1    1  0     2.7464e-05
    1    2  0     8.3931e-06
    1    3  0     1.1974e-04
    2    3  0     0.0000e+00
    2    4  0     1.9943e-03
    2    6  0     2.7849e-05
    2    8  0     5.2062e-07
    3    6  0     2.0526e-06
    3    7  0     6.3679e-08
    3    8  0     3.8372e-08
    3    9  0     4.5320e-08
    4    7  0     7.3281e-07
    4    8  0     4.4158e-07
    4    9  0     5.2154e-07
    4   10  0     5.2154e-07
   23   66  0     0.0000e+00
   24   66  0     7.1142e-15
   24   67  0     2.0081e-16
   24   68  0     0.0000e+00
   24   69  0     1.5871e-18
   24   70  0     0.0000e+00
   25   66  0     4.5092e-12
   25   67  0     6.9067e-13
   25   68  0     2.2167e-13
   25   69  0     4.6153e-14
   25   70  0     0.0000e+00
   25   71  0     0.0000e+00
   25   72  0     1.2255e-18
   25   73  0     0.0000e+00
   26   66  0     3.6402e-10
   26   67  0     1.3222e-10
   26   68  0     1.4386e-10
   26   69  0     6.3089e-11
   26   70  0     1.0186e-11
   26   71  0     9.0692e-13
   26   72  0     9.3704e-14
   26   73  0     0.0000e+00
   26   74  0     0.0000e+00
   26   75  0     0.0000e+00
   26   76  0     0.0000e+00
   27   66  0     1.1492e-09
   27   67  0     1.8735e-09
   27   68  0     1.4974e-09
   27   68  1     1.5627e-09
   27   69  0     5.4396e-09
   27   70  0     1.4650e-09
   27   70  1     2.0862e-09
   27   71  0     9.9172e-10
   27   72  0     3.2634e-10
   27   73  0     2.4469e-11
   27   74  0     3.6903e-12
   27   75  0     4.0242e-13
   27   76  0     6.7256e-15
   27   77  0     1.7559e-16
   27   78  0     0.0000e+00
   28   66  0     6.7859e-10
   28   67  0     2.2846e-09
   28   68  0     1.1577e-08
   28   69  0     2.6928e-08
   28   69  1     9.1400e-09
   28   70  0     7.1412e-08
   28   71  0     5.7578e-08
   28   72  0     5.6737e-08
   28   73  0     1.8073e-08
   28   74  0     7.4161e-09
   28   75  0     2.1433e-09
   28   76  0     1.4850e-10
   28   77  0     1.0814e-11
   28   78  0     8.5693e-13
   28   79  0     2.9661e-14
   28   80  0     0.0000e+00
   28   81  0     0.0000e+00
   28   82  0     0.0000e+00
   29   66  0     1.1913e-11
   29   67  0     1.8439e-10
   29   68  0     4.1265e-10
   29   68  1     9.6745e-10
   29   69  0     1.6669e-08
   29   70  0     2.6993e-09
   29   70  1     1.0716e-07
   29   70  2     0.0000e+00
   29   71  0     2.2939e-07
   29   72  0     6.0542e-07
   29   73  0     6.6237e-07
   29   74  0     6.9256e-07
   29   75  0     5.0541e-07
   29   76  0     9.4245e-08
   29   76  1     4.3825e-08
   29   77  0     3.0464e-08
   29   78  0     7.0200e-09
   29   79  0     7.7996e-10
   29   80  0     5.4697e-11
   29   81  0     1.3048e-12
   29   82  0     1.3906e-18
   29   83  0     0.0000e+00
   29   84  0     0.0000e+00
   30   66  0     2.8157e-14
   30   67  0     1.0610e-12
   30   68  0     2.6005e-11
   30   69  0     1.1518e-10
   30   69  1     4.9747e-10
   30   70  0     1.3896e-08
   30   71  0     3.8147e-08
   30   71  1     3.8765e-08
   30   72  0     5.2114e-07
   30   73  0     1.2793e-06
   30   73  1     3.4379e-07
   30   74  0     3.8961e-06
   30   75  0     6.5212e-06
   30   76  0     6.2644e-06
   30   77  0     2.8259e-06
   30   77  1     1.5006e-06
   30   78  0     2.7751e-06
   30   79  0     9.5606e-07
   30   80  0     2.0776e-07
   30   81  0     1.8156e-08
   30   82  0     4.7320e-11
   30   83  0     1.7992e-11
   30   84  0     5.0304e-13
   30   85  0     7.3845e-14
   30   86  0     0.0000e+00
   31   67  0     3.5071e-16
   31   68  0     1.4317e-14
   31   69  0     1.4769e-12
   31   70  0     1.1143e-10
   31   71  0     1.8313e-09
   31   72  0     3.1236e-08
   31   72  1     4.0445e-09
   31   73  0     3.1074e-07
   31   74  0     1.1495e-06
   31   74  1     5.5883e-07
   31   75  0     6.2396e-06
   31   76  0     1.8558e-05
   31   77  0     3.8454e-05
   31   78  0     6.2633e-05
   31   79  0     6.1788e-05
   31   80  0     3.9247e-05
   31   81  0     1.1984e-05
   31   82  0     3.7397e-06
   31   83  0     1.3564e-07
   31   84  0     1.1793e-08
   31   85  0     4.9718e-09
   31   86  0     1.2154e-11
   31   87  0     2.4306e-13
   31   88  0     0.0000e+00
   31   89  0     0.0000e+00
   32   69  0     0.0000e+00
   32   70  0     4.5348e-14
   32   71  0     4.4519e-13
   32   71  1     1.9229e-12
   32   72  0     1.4183e-10
   32   73  0     2.9367e-09
   32   73  1     6.7993e-10
   32   74  0     5.0529e-08
   32   75  0     1.9087e-07
   32   75  1     2.4826e-07
   32   76  0     4.3134e-06
   32   77  0     2.0704e-05
   32   77  1     7.2057e-06
   32   78  0     1.0696e-04
   32   79  0     2.1659e-04
   32   79  1     5.4338e-05
   32   80  0     4.5146e-04
   32   81  0     2.9821e-04
   32   81  1     1.3619e-04
   32   82  0     9.3640e-04
   32   83  0     4.9493e-05
   32   84  0     1.2926e-05
   32   85  0     1.0855e-05
   32   86  0     1.7963e-07
   32   87  0     8.0290e-09
   32   88  0     3.0781e-10
   32   89  0     9.0289e-12
   32   90  0     6.3125e-14
   32   91  0     0.0000e+00
   33   72  0     2.8015e-14
   33   73  0     1.9661e-12
   33   74  0     7.4648e-11
   33   75  0     1.6739e-09
   33   76  0     6.2447e-08
   33   77  0     1.5672e-06
   33   78  0     1.5104e-05
   33   79  0     9.9842e-05
   33   80  0     4.1665e-04
   33   81  0     1.1356e-03
   33   82  0     1.3741e-03
   33   82  1     8.1237e-04
   33   83  0     1.0378e-03
   33   84  0     7.5208e-04
   33   85  0     8.8742e-04
   33   86  0     1.0133e-04
   33   87  0     1.2295e-05
   33   88  0     1.5545e-06
   33   89  0     1.3364e-07
   33   90  0     3.1074e-09
   33   91  0     0.0000e+00
   33   92  0     2.1501e-12
   33   93  0     0.0000e+00
   33   94  0     0.0000e+00
   33   95  0     0.0000e+00
   34   74  0     0.0000e+00
   34   75  0     2.8118e-13
   34   76  0     4.2823e-11
   34   77  0     6.8268e-10
   34   77  1     4.4503e-09
   34   78  0     1.3689e-07
   34   79  0     1.9775e-06
   34   79  1     6.6449e-07
   34   80  0     3.0434e-05
   34   81  0     1.0724e-04
   34   81  1     1.4206e-04
   34   82  0     8.0988e-05
   34   83  0     1.2049e-03
   34   83  1     4.5317e-04
   34   84  0     3.0022e-03
   34   85  0     3.7495e-03
   34   86  0     2.6314e-03
   34   87  0     9.7984e-04
   34   88  0     3.8577e-04
   34   89  0     9.3656e-05
   34   90  0     7.7880e-06
   34   91  0     8.2438e-07
   34   92  0     4.8937e-08
   34   93  0     5.9750e-10
   34   94  0     3.8996e-11
   34   95  0     9.1813e-13
   34   96  0     3.5406e-15
   35   77  0     1.9170e-13
   35   77  1     6.2753e-13
   35   78  0     6.3379e-11
   35   79  0     8.9550e-10
   35   79  1     2.9314e-09
   35   80  0     6.0417e-08
   35   80  1     7.2581e-08
   35   81  0     3.6968e-06
   35   82  0     1.3441e-05
   35   82  1     2.2136e-05
   35   83  0     2.1829e-04
   35   84  0     4.1269e-04
   35   84  1     5.9584e-04
   35   85  0     1.0735e-03
   35   86  0     4.3979e-03
   35   87  0     6.4118e-03
   35   88  0     4.9956e-03
   35   89  0     4.1896e-03
   35   90  0     1.2882e-03
   35   91  0     1.9315e-04
   35   92  0     5.7662e-05
   35   93  0     2.8401e-06
   35   94  0     2.7740e-07
   35   95  0     2.9627e-08
   35   96  0     4.3986e-10
   35   97  0     2.8348e-12
   35   98  0     0.0000e+00
   35   99  0     0.0000e+00
   35  100  0     0.0000e+00
   36   79  0     0.0000e+00
   36   79  1     0.0000e+00
   36   80  0     2.8660e-11
   36   81  0     2.4991e-09
   36   81  1     3.8336e-10
   36   82  0     5.6282e-15
   36   83  0     1.4209e-06
   36   83  1     4.0914e-07
   36   84  0     2.4065e-05
   36   85  0     1.0929e-05
   36   85  1     3.8636e-06
   36   86  0     5.2327e-04
   36   87  0     2.5528e-03
   36   88  0     7.2844e-03
   36   89  0     1.0401e-02
   36   90  0     1.0617e-02
   36   91  0     7.3518e-03
   36   92  0     3.2666e-03
   36   93  0     5.5201e-04
   36   94  0     2.8869e-04
   36   95  0     4.9097e-05
   36   96  0     2.7382e-06
   36   97  0     6.8350e-08
   36   98  0     6.3077e-09
   36   99  0     5.2131e-11
   36  100  0     3.2855e-13
   36  101  0     0.0000e+00
   36  102  0     0.0000e+00
   37   81  0     0.0000e+00
   37   81  1     0.0000e+00
   37   82  0     0.0000e+00
   37   82  1     0.0000e+00
   37   83  0     7.8045e-10
   37   84  0     9.5739e-13
   37   84  1     3.8874e-10
   37   85  0     9.4457e-09
   37   86  0     1.0907e-06
   37   86  1     8.0811e-07
   37   87  0     7.4432e-05
   37   88  0     6.1653e-04
   37   89  0     2.4944e-03
   37   90  0     3.0005e-03
   37   90  1     5.5178e-03
   37   91  0     1.4533e-02
   37   92  0     1.7739e-02
   37   93  0     1.5969e-02
   37   94  0     2.3065e-03
   37   95  0     1.5942e-03
   37   96  0     5.4569e-04
   37   97  0     5.6450e-04
   37   98  0     1.4857e-05
   37   98  1     7.9719e-06
   37   99  0     7.3129e-07
   37  100  0     1.6500e-08
   37  101  0     5.2881e-11
   37  102  0     2.6761e-12
   37  103  0     2.4490e-15
   37  104  0     0.0000e+00
   37  105  0     0.0000e+00
   38   83  0     0.0000e+00
   38   83  1     0.0000e+00
   38   84  0     0.0000e+00
   38   85  0     1.4479e-13
   38   85  1     3.3523e-14
   38   86  0     8.1036e-10
   38   87  0     1.0208e-07
   38   87  1     3.2280e-08
   38   88  0     3.5378e-06
   38   89  0     3.5749e-05
   38   90  0     5.9279e-04
   38   91  0     2.7325e-03
   38   92  0     8.6968e-03
   38   93  0     1.9359e-02
   38   94  0     3.5389e-02
   38   95  0     3.1842e-02
   38   96  0     2.3105e-02
   38   97  0     6.1332e-03
   38   98  0     5.6985e-03
   38   99  0     4.8598e-04
   38  100  0     3.8057e-05
   38  101  0     1.2654e-06
   38  102  0     7.6979e-08
   38  103  0     5.0272e-10
   38  104  0     4.3538e-11
   38  105  0     1.2795e-12
   38  106  0     0.0000e+00
   38  107  0     0.0000e+00
   39   86  0     0.0000e+00
   39   86  1     0.0000e+00
   39   87  0     1.1569e-11
   39   87  1     0.0000e+00
   39   88  0     3.1189e-10
   39   88  1     2.4076e-10
   39   88  2     4.6071e-10
   39   89  0     1.0720e-08
   39   89  1     1.8889e-08
   39   90  0     1.5861e-06
   39   90  1     1.1046e-06
   39   91  0     1.1050e-05
   39   91  1     2.3324e-05
   39   92  0     3.0716e-04
   39   93  0     7.6397e-04
   39   93  1     1.2818e-03
   39   94  0     5.0378e-03
   39   95  0     1.3787e-02
   39   96  0     1.2671e-02
   39   96  1     7.4482e-03
   39   97  0     8.0414e-03
   39   97  1     2.3913e-02
   39   97  2     0.0000e+00
   39   98  0     4.0173e-03
   39   98  1     5.6392e-03
   39   99  0     5.1756e-03
   39  100  0     4.0730e-03
   39  100  1     3.9598e-04
   39  101  0     8.9423e-04
   39  102  0     5.3787e-05
   39  102  1     4.9206e-05
   39  103  0     4.1430e-06
   39  104  0     5.9279e-07
   39  105  0     4.5933e-08
   39  106  0     3.2566e-10
   39  107  0     1.4481e-12
   39  108  0     5.5311e-14
   39  109  0     0.0000e+00
   40   88  0     0.0000e+00
   40   89  0     0.0000e+00
   40   89  1     0.0000e+00
   40   90  0     1.2811e-10
   40   90  1     5.3912e-10
   40   91  0     2.4829e-08
   40   92  0     6.6768e-07
   40   93  0     1.7111e-05
   40   94  0     1.6150e-04
   40   95  0     8.7158e-04
   40   96  0     5.0832e-03
   40   97  0     1.4891e-02
   40   98  0     4.0329e-02
   40   99  0     5.3688e-02
   40  100  0     4.1540e-02
   40  101  0     2.3209e-02
   40  102  0     1.3099e-02
   40  103  0     1.4852e-03
   40  104  0     3.8311e-04
   40  105  0     7.6297e-05
   40  106  0     2.9805e-06
   40  107  0     4.2821e-08
   40  108  0     2.8473e-09
   40  109  0     0.0000e+00
   40  110  0     0.0000e+00
   40  111  0     0.0000e+00
   40  112  0     0.0000e+00
   41   90  0     0.0000e+00
   41   90  1     0.0000e+00
   41   91  0     0.0000e+00
   41   91  1     0.0000e+00
   41   92  0     1.1898e-09
   41   92  1     0.0000e+00
   41   93  0     6.5283e-09
   41   93  1     1.5115e-09
   41   94  0     1.0951e-07
   41   94  1     7.7049e-08
   41   95  0     2.4504e-06
   41   95  1     1.9746e-07
   41   96  0     4.3164e-05
   41   97  0     4.8642e-04
   41   97  1     6.7261e-05
   41   98  0     1.6461e-03
   41   98  1     8.9840e-04
   41   99  0     2.2008e-03
   41   99  1     3.6328e-04
   41  100  0     1.3508e-02
   41  100  1     7.1632e-03
   41  101  0     3.3085e-02
   41  102  0     3.0812e-02
   41  102  1     3.3008e-03
   41  103  0     2.8026e-02
   41  104  0     8.2053e-03
   41  104  1     5.4114e-03
   41  105  0     6.5654e-03
   41  106  0     1.0600e-03
   41  107  0     5.8856e-05
   41  108  0     7.4562e-06
   41  109  0     1.5780e-10
   41  110  0     0.0000e+00
   41  111  0     6.3530e-17
   41  112  0     2.1645e-19
   41  113  0     0.0000e+00
   41  114  0     1.0627e-13
   41  115  0     0.0000e+00
   42   92  0     0.0000e+00
   42   93  0     0.0000e+00
   42   93  1     0.0000e+00
   42   94  0     1.1246e-11
   42   95  0     4.3271e-10
   42   96  0     3.3635e-08
   42   97  0     1.2722e-06
   42   98  0     1.1780e-05
   42   99  0     1.5430e-04
   42  100  0     9.7142e-04
   42  101  0     2.8150e-03
   42  102  0     1.3512e-02
   42  103  0     3.7899e-02
   42  104  0     4.1810e-02
   42  105  0     3.7197e-02
   42  106  0     1.9979e-02
   42  107  0     4.2361e-03
   42  108  0     1.0864e-03
   42  109  0     1.4264e-05
   42  110  0     6.6930e-08
   42  111  0     3.9511e-09
   42  112  0     7.3499e-11
   42  113  0     2.1674e-12
   42  114  0     2.5215e-09
   42  115  0     4.0272e-12
   42  116  0     2.9527e-14
   42  117  0     0.0000e+00
   43   95  0     0.0000e+00
   43   95  1     0.0000e+00
   43   96  0     0.0000e+00
   43   96  1     0.0000e+00
   43   97  0     1.2644e-10
   43   97  1     2.9274e-11
   43   98  0     2.4185e-09
   43   99  0     9.8467e-08
   43   99  1     2.2798e-08
   43  100  0     2.6199e-06
   43  101  0     1.3959e-04
   43  102  0     3.0347e-04
   43  102  1     8.4075e-05
   43  103  0     2.4572e-03
   43  104  0     4.9800e-03
   43  105  0     1.1939e-02
   43  106  0     2.0771e-02
   43  107  0     2.0453e-02
   43  108  0     1.0709e-02
   43  109  0     4.0332e-03
   43  110  0     5.2113e-04
   43  111  0     9.7816e-05
   43  112  0     9.3010e-06
   43  113  0     1.1763e-06
   43  114  0     2.5143e-06
   43  115  0     3.0373e-08
   43  116  0     9.4619e-10
   43  117  0     2.5376e-11
   43  118  0     1.8413e-13
   43  119  0     8.7126e-17
   43  120  0     0.0000e+00
   44   98  0     2.2479e-14
   44   99  0     4.4381e-12
   44  100  0     3.4177e-10
   44  101  0     1.0165e-09
   44  102  0     6.1223e-07
   44  103  0     1.1001e-05
   44  103  1     1.1429e-05
   44  104  0     1.0962e-04
   44  105  0     6.1485e-04
   44  106  0     1.6477e-03
   44  107  0     8.2825e-03
   44  108  0     9.1542e-03
   44  109  0     1.0295e-02
   44  110  0     5.4580e-03
   44  111  0     2.4045e-03
   44  112  0     8.3805e-04
   44  113  0     5.1071e-05
   44  113  1     3.1588e-04
   44  114  0     1.2175e-04
   44  115  0     9.9984e-06
   44  116  0     1.2639e-06
   44  117  0     9.7010e-08
   44  118  0     2.7282e-09
   44  119  0     9.1343e-12
   44  120  0     1.1621e-13
   44  121  0     1.3882e-15
   44  122  0     0.0000e+00
   44  123  0     0.0000e+00
   44  124  0     0.0000e+00
   45  100  0     0.0000e+00
   45  100  1     0.0000e+00
   45  101  0     5.5435e-16
   45  101  1     2.3943e-15
   45  102  0     1.3735e-11
   45  102  1     3.2202e-11
   45  103  0     7.7445e-10
   45  103  1     5.0485e-09
   45  104  0     2.0832e-08
   45  104  1     6.2832e-08
   45  105  0     1.0425e-06
   45  105  1     1.5992e-07
   45  106  0     1.2358e-06
   45  106  1     5.2509e-06
   45  107  0     2.4350e-04
   45  108  0     3.9511e-04
   45  108  1     2.6705e-04
   45  109  0     4.2448e-04
   45  110  0     1.6521e-04
   45  110  1     3.0176e-04
   45  111  0     4.5510e-04
   45  112  0     3.0384e-04
   45  112  1     1.3218e-04
   45  113  0     4.4532e-04
   45  114  0     1.4810e-04
   45  114  1     2.3406e-04
   45  115  0     1.7457e-04
   45  116  0     3.3411e-05
   45  116  1     4.7004e-05
   45  117  0     1.8438e-05
   45  118  0     1.9139e-06
   45  119  0     4.3373e-08
   45  120  0     1.9226e-09
   45  121  0     9.1438e-11
   45  122  0     4.0599e-13
   45  123  0     0.0000e+00
   45  124  0     0.0000e+00
   45  125  0     0.0000e+00
   45  126  0     0.0000e+00
   45  127  0     0.0000e+00
   45  128  0     0.0000e+00
   46  102  0     0.0000e+00
   46  103  0     6.1512e-14
   46  104  0     2.9716e-12
   46  105  0     1.1246e-10
   46  106  0     1.0071e-09
   46  107  0     1.3708e-07
   46  107  1     2.5797e-07
   46  108  0     3.1354e-06
   46  109  0     2.4235e-08
   46  109  1     5.5883e-08
   46  110  0     5.1458e-08
   46  111  0     5.6022e-08
   46  111  1     1.0045e-07
   46  112  0     6.9213e-07
   46  113  0     8.4451e-07
   46  113  1     1.7057e-06
   46  114  0     9.4177e-05
   46  115  0     3.6739e-05
   46  115  1     1.8332e-04
   46  116  0     3.2163e-04
   46  117  0     5.6246e-05
   46  117  1     1.5702e-04
   46  118  0     7.3413e-05
   46  119  0     1.0146e-05
   46  120  0     1.5011e-06
   46  121  0     2.4688e-07
   46  122  0     6.0904e-09
   46  123  0     1.0552e-10
   46  124  0     0.0000e+00
   46  125  0     0.0000e+00
   46  126  0     0.0000e+00
   46  127  0     0.0000e+00
   46  128  0     0.0000e+00
   46  129  0     0.0000e+00
   46  130  0     0.0000e+00
   46  131  0     0.0000e+00
   47  105  0     0.0000e+00
   47  105  1     0.0000e+00
   47  106  0     1.6755e-15
   47  106  1     3.9283e-15
   47  107  0     4.0523e-12
   47  107  1     2.6416e-11
   47  108  0     2.4295e-10
   47  108  1     5.6959e-10
   47  109  0     0.0000e+00
   47  109  1     0.0000e+00
   47  110  0     0.0000e+00
   47  110  1     0.0000e+00
   47  111  0     0.0000e+00
   47  111  1     2.4407e-14
   47  112  0     5.7686e-13
   47  113  0     1.7598e-12
   47  113  1     7.4256e-12
   47  114  0     3.4962e-07
   47  114  1     1.1067e-06
   47  115  0     2.1723e-06
   47  115  1     1.8725e-05
   47  116  0     3.9160e-05
   47  116  1     6.1852e-05
   47  116  2     0.0000e+00
   47  117  0     5.6831e-05
   47  117  1     1.4101e-04
   47  118  0     1.6124e-04
   47  118  1     4.0646e-05
   47  119  0     1.3438e-04
   47  119  1     7.3327e-06
   47  120  0     3.2992e-05
   47  120  1     3.0621e-05
   47  121  0     3.0480e-05
   47  122  0     2.1698e-06
   47  122  1     1.7226e-06
   47  123  0     2.8596e-07
   47  124  0     2.1446e-12
   47  125  0     2.8547e-13
   47  126  0     2.2454e-14
   47  127  0     0.0000e+00
   47  128  0     0.0000e+00
   47  129  0     5.0342e-18
   47  130  0     2.6932e-10
   47  131  0     1.4151e-13
   47  132  0     0.0000e+00
   47  133  0     0.0000e+00
   48  108  0     0.0000e+00
   48  109  0     0.0000e+00
   48  110  0     0.0000e+00
   48  111  0     0.0000e+00
   48  111  1     0.0000e+00
   48  112  0     0.0000e+00
   48  113  0     0.0000e+00
   48  113  1     0.0000e+00
   48  114  0     1.0714e-09
   48  115  0     2.7273e-08
   48  115  1     8.3747e-08
   48  116  0     2.0527e-06
   48  117  0     2.1976e-06
   48  117  1     1.2334e-05
   48  118  0     4.6671e-05
   48  119  0     7.5947e-05
   48  119  1     8.0448e-05
   48  120  0     1.9126e-04
   48  121  0     1.6423e-04
   48  121  1     5.5698e-05
   48  122  0     1.2480e-04
   48  123  0     8.5639e-06
   48  123  1     2.6865e-05
   48  124  0     8.1448e-07
   48  125  0     4.1310e-08
   48  125  1     3.9614e-07
   48  126  0     1.1430e-07
   48  127  0     7.4158e-08
   48  128  0     1.7933e-09
   48  129  0     1.3117e-09
   48  130  0     1.4859e-06
   48  131  0     8.5264e-09
   48  132  0     7.4843e-09
   48  133  0     1.2641e-11
   48  134  0     1.5994e-13
   48  135  0     0.0000e+00
   48  136  0     0.0000e+00
   49  110  0     0.0000e+00
   49  110  1     0.0000e+00
   49  111  0     0.0000e+00
   49  111  1     0.0000e+00
   49  112  0     0.0000e+00
   49  112  1     0.0000e+00
   49  113  0     0.0000e+00
   49  113  1     0.0000e+00
   49  114  0     8.1776e-15
   49  114  1     2.4666e-14
   49  114  2     0.0000e+00
   49  115  0     2.1428e-11
   49  115  1     4.9611e-12
   49  116  0     3.7227e-10
   49  116  1     1.1229e-09
   49  116  2     5.2805e-10
   49  117  0     5.1884e-08
   49  117  1     1.2012e-08
   49  118  0     1.4468e-07
   49  118  1     5.8851e-07
   49  118  2     0.0000e+00
   49  119  0     1.2047e-05
   49  119  1     1.8216e-06
   49  120  0     2.7986e-05
   49  120  1     2.0409e-05
   49  120  2     0.0000e+00
   49  121  0     1.0642e-04
   49  121  1     1.5968e-05
   49  122  0     5.5850e-05
   49  122  1     2.1563e-04
   49  122  2     0.0000e+00
   49  123  0     2.3184e-04
   49  123  1     2.4604e-05
   49  124  0     9.1693e-05
   49  124  1     9.4531e-05
   49  125  0     2.6682e-04
   49  125  1     7.6516e-05
   49  126  0     1.7210e-04
   49  126  1     9.6397e-05
   49  127  0     2.9718e-04
   49  127  1     1.7402e-04
   49  127  2     0.0000e+00
   49  128  0     7.6629e-05
   49  128  1     4.3387e-05
   49  129  0     1.1839e-04
   49  129  1     1.0134e-05
   49  129  2     0.0000e+00
   49  130  0     2.5872e-04
   49  130  1     2.2713e-04
   49  130  2     0.0000e+00
   49  131  0     1.6890e-05
   49  131  1     6.6178e-06
   49  131  2     0.0000e+00
   49  132  0     2.1700e-05
   49  133  0     2.8790e-07
   49  134  0     1.0976e-08
   49  135  0     1.4419e-10
   49  136  0     2.3349e-13
   49  137  0     0.0000e+00
   49  138  0     0.0000e+00
   50  113  0     0.0000e+00
   50  113  1     0.0000e+00
   50  114  0     0.0000e+00
   50  115  0     0.0000e+00
   50  116  0     8.3758e-14
   50  117  0     3.2426e-12
   50  117  1     1.0615e-11
   50  118  0     6.0788e-10
   50  119  0     1.7560e-08
   50  119  1     5.7482e-08
   50  120  0     8.4112e-07
   50  121  0     9.3600e-07
   50  121  1     3.7915e-06
   50  122  0     4.5950e-05
   50  123  0     1.1962e-04
   50  123  1     2.3517e-05
   50  124  0     1.8393e-04
   50  125  0     5.9717e-04
   50  125  1     1.6446e-04
   50  126  0     1.2282e-03
   50  127  0     3.2067e-03
   50  127  1     1.0657e-03
   50  128  0     3.9620e-03
   50  128  1     2.4670e-03
   50  129  0     5.2313e-03
   50  129  1     4.1487e-03
   50  130  0     6.6481e-03
   50  130  1     4.2406e-03
   50  131  0     1.5453e-03
   50  131  1     1.7256e-03
   50  132  0     3.4851e-03
   50  133  0     3.0678e-04
   50  134  0     3.4377e-05
   50  135  0     1.5260e-06
   50  136  0     1.8690e-08
   50  137  0     2.1193e-10
   50  138  0     3.4245e-11
   50  139  0     0.0000e+00
   50  140  0     0.0000e+00
   51  116  0     0.0000e+00
   51  116  1     0.0000e+00
   51  117  0     0.0000e+00
   51  118  0     9.7067e-15
   51  118  1     1.3796e-14
   51  119  0     2.0213e-11
   51  120  0     3.2076e-10
   51  120  1     4.5590e-10
   51  121  0     9.3326e-09
   51  122  0     2.6989e-07
   51  122  1     1.9580e-07
   51  122  2     0.0000e+00
   51  123  0     5.5472e-06
   51  124  0     1.3782e-04
   51  124  1     2.7776e-04
   51  124  2     0.0000e+00
   51  125  0     1.0306e-05
   51  126  0     2.5441e-04
   51  126  1     2.7043e-04
   51  126  2     0.0000e+00
   51  127  0     3.1525e-04
   51  128  0     4.8428e-04
   51  128  1     2.9764e-04
   51  129  0     3.3521e-03
   51  129  1     8.3787e-04
   51  130  0     4.4096e-03
   51  130  1     3.7452e-03
   51  131  0     2.5579e-02
   51  132  0     1.2531e-02
   51  132  1     4.9072e-03
   51  133  0     1.8987e-02
   51  134  0     2.7218e-03
   51  134  1     4.8777e-03
   51  135  0     3.8439e-04
   51  136  0     6.8082e-05
   51  137  0     9.6992e-07
   51  138  0     5.3109e-07
   51  139  0     5.3225e-09
   51  140  0     2.6536e-11
   51  141  0     1.5206e-12
   51  142  0     0.0000e+00
   51  143  0     0.0000e+00
   52  119  0     0.0000e+00
   52  119  1     0.0000e+00
   52  120  0     3.3538e-14
   52  121  0     1.8513e-13
   52  121  1     6.0602e-13
   52  122  0     2.1860e-10
   52  123  0     2.5718e-09
   52  123  1     8.4187e-09
   52  124  0     1.9549e-12
   52  125  0     2.5698e-11
   52  125  1     7.7899e-11
   52  126  0     1.3628e-09
   52  127  0     6.1401e-09
   52  127  1     2.2175e-08
   52  128  0     2.0133e-06
   52  129  0     1.5316e-06
   52  129  1     3.7328e-06
   52  130  0     3.9254e-03
   52  131  0     2.7437e-03
   52  131  1     5.7916e-03
   52  132  0     3.0986e-02
   52  133  0     1.1703e-02
   52  133  1     2.4096e-02
   52  134  0     4.7660e-02
   52  135  0     2.1908e-02
   52  136  0     2.0691e-02
   52  137  0     5.9653e-04
   52  138  0     3.8946e-04
   52  139  0     1.7627e-05
   52  140  0     3.5253e-07
   52  141  0     3.6896e-08
   52  142  0     3.1736e-09
   52  143  0     1.2147e-11
   52  144  0     1.0904e-13
   52  145  0     0.0000e+00
   53  122  0     0.0000e+00
   53  123  0     9.3519e-13
   53  124  0     0.0000e+00
   53  125  0     0.0000e+00
   53  126  0     0.0000e+00
   53  127  0     0.0000e+00
   53  128  0     8.7637e-13
   53  129  0     3.3825e-12
   53  130  0     4.8097e-05
   53  130  1     8.7713e-06
   53  131  0     1.1216e-03
   53  132  0     1.2519e-03
   53  132  1     8.2888e-04
   53  133  0     1.1674e-02
   53  133  1     2.8240e-03
   53  134  0     1.2064e-02
   53  134  1     6.7781e-03
   53  135  0     4.5946e-02
   53  136  0     3.7936e-02
   53  136  1     6.8363e-03
   53  137  0     1.5534e-02
   53  138  0     8.1212e-03
   53  139  0     8.7512e-04
   53  140  0     3.9943e-04
   53  141  0     5.0967e-05
   53  142  0     9.4415e-06
   53  143  0     1.8841e-07
   53  144  0     5.3461e-09
   53  145  0     5.5765e-11
   53  146  0     1.7414e-13
   53  147  0     0.0000e+00
   53  148  0     0.0000e+00
   54  125  0     0.0000e+00
   54  125  1     0.0000e+00
   54  126  0     0.0000e+00
   54  127  0     0.0000e+00
   54  127  1     0.0000e+00
   54  128  0     2.5262e-06
   54  129  0     0.0000e+00
   54  129  1     0.0000e+00
   54  130  0     8.5103e-05
   54  131  0     1.1284e-06
   54  131  1     2.4696e-06
   54  132  0     1.1713e-05
   54  132  1     2.6814e-06
   54  133  0     1.4601e-04
   54  133  1     3.7096e-04
   54  134  0     1.5181e-03
   54  134  1     1.0456e-03
   54  135  0     2.6485e-03
   54  135  1     5.1687e-03
   54  136  0     2.4963e-03
   54  137  0     2.0802e-02
   54  138  0     4.7235e-02
   54  139  0     2.9558e-02
   54  140  0     1.4767e-02
   54  141  0     4.8859e-03
   54  142  0     1.4601e-03
   54  143  0     1.5277e-04
   54  144  0     1.3346e-05
   54  145  0     5.1013e-07
   54  146  0     8.8868e-09
   54  147  0     2.0199e-11
   54  148  0     9.7160e-15
   54  149  0     0.0000e+00
   54  150  0     0.0000e+00
   55  128  0     0.0000e+00
   55  129  0     0.0000e+00
   55  130  0     0.0000e+00
   55  130  1     0.0000e+00
   55  131  0     5.6196e-10
   55  132  0     4.1315e-09
   55  133  0     6.5148e-07
   55  134  0     5.3933e-06
   55  134  1     3.9105e-06
   55  135  0     7.1401e-05
   55  135  1     2.1169e-05
   55  136  0     2.3558e-03
   55  136  1     9.6240e-04
   55  137  0     2.9130e-02
   55  138  0     2.1491e-03
   55  138  1     3.1266e-03
   55  139  0     2.4273e-02
   55  140  0     2.8849e-02
   55  141  0     3.0422e-02
   55  142  0     1.0217e-02
   55  143  0     5.8356e-03
   55  144  0     1.8577e-03
   55  145  0     4.8981e-04
   55  146  0     2.0823e-05
   55  147  0     2.7651e-07
   55  148  0     9.6231e-10
   55  149  0     2.2609e-10
   55  150  0     6.9943e-12
   55  151  0     3.3867e-14
   55  152  0     0.0000e+00
   56  131  0     0.0000e+00
   56  131  1     0.0000e+00
   56  132  0     5.9999e-14
   56  133  0     3.8730e-11
   56  133  1     0.0000e+00
   56  134  0     1.6520e-09
   56  135  0     1.7201e-08
   56  135  1     3.7973e-08
   56  136  0     1.9719e-05
   56  136  1     1.6444e-05
   56  137  0     8.9737e-06
   56  137  1     1.3996e-05
   56  138  0     1.7464e-04
   56  139  0     1.5979e-03
   56  140  0     9.3856e-03
   56  141  0     1.6047e-02
   56  142  0     3.3214e-02
   56  143  0     2.7729e-02
   56  144  0     2.3034e-02
   56  145  0     7.9138e-03
   56  146  0     7.0041e-03
   56  147  0     1.6174e-04
   56  148  0     3.8749e-06
   56  149  0     1.3872e-06
   56  150  0     9.6879e-08
   56  151  0     1.5577e-09
   56  152  0     2.1794e-11
   56  153  0     6.4302e-13
   56  154  0     0.0000e+00
   57  133  0     0.0000e+00
   57  134  0     0.0000e+00
   57  135  0     1.5212e-12
   57  136  0     0.0000e+00
   57  136  1     0.0000e+00
   57  137  0     9.9098e-09
   57  138  0     1.5140e-07
   57  139  0     6.1198e-06
   57  140  0     2.0391e-04
   57  141  0     1.0193e-03
   57  142  0     4.3271e-03
   57  143  0     1.0164e-02
   57  144  0     1.1457e-02
   57  145  0     1.7249e-02
   57  146  0     2.4122e-03
   57  146  1     3.3809e-03
   57  147  0     5.2773e-03
   57  148  0     1.5741e-03
   57  149  0     3.7460e-04
   57  150  0     6.3662e-05
   57  151  0     3.6525e-06
   57  152  0     1.6105e-07
   57  153  0     1.0632e-08
   57  154  0     3.5872e-10
   57  155  0     4.1706e-12
   57  156  0     8.4739e-15
   57  157  0     0.0000e+00
   58  135  0     0.0000e+00
   58  135  1     0.0000e+00
   58  136  0     0.0000e+00
   58  137  0     1.9634e-13
   58  137  1     0.0000e+00
   58  138  0     6.1279e-12
   58  138  1     0.0000e+00
   58  139  0     3.3674e-10
   58  139  1     8.1255e-10
   58  140  0     2.6318e-07
   58  141  0     3.9430e-06
   58  142  0     2.2927e-05
   58  143  0     2.1649e-04
   58  144  0     1.0018e-03
   58  145  0     4.1298e-03
   58  146  0     1.1181e-02
   58  147  0     1.3044e-02
   58  148  0     9.0944e-03
   58  149  0     5.4639e-03
   58  150  0     2.2979e-03
   58  151  0     6.5462e-05
   58  151  1     4.1350e-04
   58  152  0     6.3606e-05
   58  153  0     9.1748e-06
   58  154  0     1.0366e-06
   58  155  0     4.0587e-08
   58  156  0     4.0306e-10
   58  157  0     5.7532e-12
   58  158  0     9.8272e-14
   58  159  0     1.3410e-15
   58  160  0     0.0000e+00
   59  138  0     0.0000e+00
   59  138  1     0.0000e+00
   59  139  0     9.7564e-15
   59  140  0     1.7779e-11
   59  141  0     9.1167e-10
   59  142  0     3.4230e-09
   59  142  1     8.0252e-09
   59  143  0     3.2482e-07
   59  144  0     1.0170e-06
   59  144  1     3.5126e-06
   59  145  0     5.6425e-05
   59  146  0     5.6171e-04
   59  147  0     1.5165e-03
   59  148  0     4.8414e-03
   59  148  1     5.9379e-04
   59  149  0     5.8488e-03
   59  150  0     5.9848e-03
   59  151  0     4.7362e-03
   59  152  0     2.5619e-04
   59  153  0     4.6719e-04
   59  154  0     1.5083e-04
   59  155  0     1.8949e-05
   59  156  0     8.8153e-07
   59  157  0     4.0332e-08
   59  158  0     1.8490e-09
   59  159  0     6.4611e-11
   59  160  0     8.3978e-13
   59  161  0     1.5816e-15
   59  162  0     4.5625e-18
   60  141  0     0.0000e+00
   60  141  1     0.0000e+00
   60  142  0     3.2289e-13
   60  143  0     2.5619e-11
   60  144  0     1.1188e-09
   60  145  0     5.0580e-08
   60  146  0     1.5383e-06
   60  147  0     1.4115e-05
   60  148  0     2.9953e-04
   60  149  0     4.6526e-04
   60  150  0     1.3089e-03
   60  151  0     3.2668e-03
   60  152  0     4.8860e-03
   60  153  0     1.7822e-03
   60  154  0     1.3703e-03
   60  155  0     4.9848e-04
   60  156  0     9.8424e-05
   60  157  0     1.3720e-05
   60  158  0     1.6361e-06
   60  159  0     1.4310e-07
   60  160  0     5.6959e-09
   60  161  0     5.2834e-11
   60  162  0     6.4752e-13
   60  163  0     5.2132e-15
   60  164  0     0.0000e+00
   61  144  0     1.3945e-14
   61  145  0     2.3504e-12
   61  146  0     2.0390e-10
   61  147  0     6.0545e-09
   61  148  0     3.4088e-07
   61  148  1     7.9920e-07
   61  149  0     2.0308e-06
   61  150  0     1.1500e-05
   61  151  0     2.2000e-04
   61  152  0     2.2544e-04
   61  152  1     3.2034e-04
   61  152  2     0.0000e+00
   61  153  0     6.1189e-04
   61  154  0     2.3972e-04
   61  154  1     7.7544e-04
   61  155  0     9.7729e-04
   61  156  0     7.0445e-04
   61  157  0     2.6978e-04
   61  158  0     7.7912e-05
   61  159  0     1.6169e-05
   61  160  0     1.8770e-06
   61  161  0     8.1418e-08
   61  162  0     2.6532e-09
   61  163  0     8.0581e-11
   61  164  0     3.1890e-12
   61  165  0     6.1205e-14
   61  166  0     2.5508e-16
   62  146  0     0.0000e+00
   62  147  0     1.0680e-13
   62  148  0     1.1066e-10
   62  149  0     3.9295e-10
   62  150  0     1.5001e-08
   62  151  0     9.3640e-07
   62  152  0     6.9059e-06
   62  153  0     7.0702e-06
   62  153  1     9.1463e-06
   62  154  0     5.8304e-05
   62  155  0     1.5947e-04
   62  156  0     4.1673e-04
   62  157  0     4.0666e-04
   62  158  0     2.6001e-04
   62  159  0     1.1697e-04
   62  160  0     3.5845e-05
   62  161  0     6.0514e-06
   62  162  0     7.9611e-07
   62  163  0     5.8391e-08
   62  164  0     5.4709e-09
   62  165  0     2.3008e-10
   62  166  0     4.6394e-12
   62  167  0     1.8759e-14
   62  168  0     0.0000e+00
   63  149  0     0.0000e+00
   63  150  0     0.0000e+00
   63  150  1     0.0000e+00
   63  151  0     2.1719e-10
   63  152  0     2.4946e-09
   63  152  1     2.8108e-10
   63  152  2     2.2436e-09
   63  153  0     2.5889e-08
   63  154  0     1.0296e-07
   63  154  1     9.2779e-08
   63  155  0     1.6979e-06
   63  156  0     1.8673e-05
   63  157  0     5.0341e-05
   63  158  0     7.3076e-05
   63  159  0     6.9906e-05
   63  160  0     5.2624e-05
   63  161  0     2.9719e-05
   63  162  0     8.7499e-06
   63  163  0     2.1453e-06
   63  164  0     3.2091e-07
   63  165  0     4.6627e-08
   63  166  0     2.7325e-09
   63  167  0     5.1434e-11
   63  168  0     1.0882e-12
   63  169  0     3.7419e-14
   63  170  0     3.8732e-16
   64  151  0     0.0000e+00
   64  152  0     1.8816e-13
   64  153  0     2.1765e-12
   64  154  0     3.2052e-11
   64  155  0     7.3497e-11
   64  155  1     8.5824e-10
   64  156  0     4.7815e-08
   64  157  0     3.9412e-07
   64  158  0     1.4284e-06
   64  159  0     3.1678e-06
   64  160  0     6.3341e-06
   64  161  0     1.2158e-05
   64  162  0     1.1929e-05
   64  163  0     5.6912e-06
   64  164  0     2.1532e-06
   64  165  0     5.9279e-07
   64  166  0     1.4790e-07
   64  167  0     7.5827e-09
   64  168  0     5.5818e-10
   64  169  0     3.7604e-11
   64  170  0     1.2841e-12
   64  171  0     3.6400e-14
   64  172  0     2.5758e-16
   65  154  0     0.0000e+00
   65  154  1     0.0000e+00
   65  154  2     0.0000e+00
   65  155  0     2.3606e-14
   65  156  0     5.3141e-12
   65  156  1     5.9708e-13
   65  156  2     0.0000e+00
   65  157  0     1.5640e-10
   65  158  0     5.6363e-10
   65  158  1     6.3329e-11
   65  158  2     8.6822e-10
   65  159  0     8.2121e-09
   65  160  0     4.8068e-08
   65  161  0     3.6145e-07
   65  162  0     8.0926e-07
   65  163  0     1.2395e-06
   65  164  0     7.8151e-07
   65  165  0     6.4115e-07
   65  166  0     3.7746e-07
   65  167  0     7.6021e-08
   65  168  0     1.0921e-08
   65  169  0     2.1432e-09
   65  170  0     1.4630e-10
   65  171  0     1.6201e-11
   65  172  0     3.6480e-13
   66  157  0     0.0000e+00
   66  157  1     0.0000e+00
   66  158  0     7.3443e-14
   66  159  0     1.0282e-12
   66  160  0     1.8461e-11
   66  161  0     5.9701e-10
   66  162  0     5.4004e-09
   66  163  0     1.8242e-08
   66  164  0     3.6244e-08
   66  165  0     5.3018e-08
   66  165  1     4.7837e-09
   66  166  0     1.3513e-07
   66  167  0     6.3885e-08
   66  168  0     2.7665e-08
   66  169  0     9.1382e-09
   66  170  0     1.7572e-09
   66  171  0     4.3675e-10
   66  172  0     4.5458e-11
   67  160  0     0.0000e+00
   67  160  1     0.0000e+00
   67  160  2     0.0000e+00
   67  161  0     4.7571e-14
   67  161  1     0.0000e+00
   67  162  0     3.3550e-13
   67  162  1     7.8657e-13
   67  163  0     1.2363e-11
   67  163  1     1.8965e-12
   67  164  0     1.9299e-11
   67  164  1     4.5247e-11
   67  165  0     3.4727e-10
   67  166  0     6.7251e-10
   67  166  1     1.5767e-09
   67  167  0     4.3200e-09
   67  168  0     6.7078e-10
   67  168  1     2.9949e-09
   67  169  0     3.2792e-09
   67  170  0     1.0948e-09
   67  170  1     8.0340e-11
   67  171  0     9.4076e-10
   67  172  0     2.4974e-10
   68  163  0     0.0000e+00
   68  164  0     9.8883e-15
   68  165  0     1.1635e-13
   68  166  0     3.5194e-12
   68  167  0     1.6622e-11
   68  167  1     2.5499e-12
   68  168  0     5.4220e-11
   68  169  0     8.9948e-11
   68  170  0     9.7219e-11
   68  171  0     1.7280e-10
   68  172  0     1.9107e-10
   69  166  0     0.0000e+00
   69  166  1     0.0000e+00
   69  167  0     0.0000e+00
   69  168  0     2.8996e-14
   69  169  0     1.4793e-13
   69  170  0     3.2218e-13
   69  171  0     2.2127e-12
   69  172  0     6.9524e-12
   70  168  0     0.0000e+00
   70  169  0     0.0000e+00
   70  169  1     0.0000e+00
   70  170  0     9.2585e-17
   70  171  0     2.1274e-16
   70  171  1     1.3868e-15
   70  172  0     2.4960e-14
   71  172  0     0.0000e+00
   71  172  1     0.0000e+00
