    1    1  0     2.7199e-05
    1    2  0     8.3122e-06
    1    3  0     1.1859e-04
    2    3  0     0.0000e+00
    2    4  0     1.8238e-03
    2    6  0     2.5468e-05
    2    8  0     4.7611e-07
    3    6  0     1.1196e-06
    3    7  0     3.4734e-08
    3    8  0     2.0930e-08
    3    9  0     2.4720e-08
    4    7  0     5.6092e-07
    4    8  0     3.3800e-07
    4    9  0     3.9921e-07
    4   10  0     3.9921e-07
   23   66  0     8.5766e-19
   24   66  0     3.4728e-14
   24   67  0     4.7023e-15
   24   68  0     1.7759e-16
   24   69  0     1.5480e-18
   24   70  0     0.0000e+00
   25   66  0     7.2690e-12
   25   67  0     7.0488e-12
   25   68  0     9.8967e-13
   25   69  0     5.9952e-14
   25   70  0     2.9149e-15
   25   71  0     0.0000e+00
   25   72  0     4.7383e-18
   25   73  0     1.1733e-20
   26   66  0     3.7548e-10
   26   67  0     4.6362e-10
   26   68  0     3.3751e-10
   26   69  0     7.1090e-11
   26   70  0     1.9982e-11
   26   71  0     3.7212e-12
   26   72  0     4.6849e-13
   26   73  0     7.5479e-15
   26   74  0     0.0000e+00
   26   75  0     1.6889e-17
   26   76  0     0.0000e+00
   27   66  0     2.7163e-10
   27   67  0     2.2862e-09
   27   68  0     2.1359e-09
   27   68  1     9.9816e-10
   27   69  0     3.5490e-09
   27   70  0     1.0113e-09
   27   70  1     5.8356e-10
   27   71  0     1.2329e-09
   27   72  0     3.9810e-10
   27   73  0     9.3302e-11
   27   74  0     1.9356e-11
   27   75  0     2.8669e-12
   27   76  0     2.4116e-13
   27   77  0     1.0181e-14
   27   78  0     1.9797e-16
   28   66  0     6.7599e-11
   28   67  0     8.4367e-10
   28   68  0     3.5805e-09
   28   69  0     7.4974e-09
   28   69  1     2.8884e-09
   28   70  0     2.9569e-08
   28   71  0     5.3563e-08
   28   72  0     1.2461e-07
   28   73  0     2.0170e-08
   28   74  0     9.1134e-09
   28   75  0     1.2628e-08
   28   76  0     3.3039e-09
   28   77  0     9.0229e-10
   28   78  0     1.0963e-10
   28   79  0     0.0000e+00
   28   80  0     5.6890e-15
   28   81  0     0.0000e+00
   28   82  0     0.0000e+00
   29   66  0     8.4024e-14
   29   67  0     9.9114e-12
   29   68  0     8.8687e-11
   29   68  1     1.8987e-11
   29   69  0     1.6828e-09
   29   70  0     2.7053e-09
   29   70  1     1.4212e-09
   29   70  2     5.1012e-10
   29   71  0     2.7420e-08
   29   72  0     9.0565e-08
   29   73  0     7.2367e-07
   29   74  0     2.7369e-07
   29   75  0     8.9212e-07
   29   76  0     1.9855e-07
   29   76  1     9.5156e-08
   29   77  0     3.0154e-07
   29   78  0     1.9257e-07
   29   79  0     1.1813e-08
   29   80  0     3.7403e-10
   29   81  0     0.0000e+00
   29   82  0     5.3706e-12
   29   83  0     2.9160e-15
   29   84  0     0.0000e+00
   30   66  0     2.2659e-17
   30   67  0     5.7355e-15
   30   68  0     2.5281e-13
   30   69  0     4.9552e-12
   30   69  1     8.4235e-12
   30   70  0     3.8439e-10
   30   71  0     2.7189e-10
   30   71  1     1.3139e-09
   30   72  0     4.9080e-08
   30   73  0     5.8645e-08
   30   73  1     7.4794e-08
   30   74  0     3.0409e-06
   30   75  0     8.8495e-06
   30   76  0     2.6450e-05
   30   77  0     2.3917e-05
   30   77  1     3.2562e-06
   30   78  0     3.4088e-05
   30   79  0     6.0171e-06
   30   80  0     3.4831e-06
   30   81  0     2.0658e-07
   30   82  0     8.9908e-08
   30   83  0     3.6474e-10
   30   84  0     2.7546e-11
   30   85  0     6.6650e-13
   30   86  0     3.6005e-18
   31   67  0     0.0000e+00
   31   68  0     0.0000e+00
   31   69  0     4.0555e-15
   31   70  0     2.6932e-13
   31   71  0     6.3175e-12
   31   72  0     3.5037e-10
   31   72  1     3.3186e-11
   31   73  0     1.3588e-08
   31   74  0     5.0972e-08
   31   74  1     1.4858e-08
   31   75  0     8.9356e-07
   31   76  0     3.7832e-06
   31   77  0     4.3552e-05
   31   78  0     9.9874e-05
   31   79  0     1.8244e-04
   31   80  0     1.0875e-04
   31   81  0     5.6097e-05
   31   82  0     2.3469e-05
   31   83  0     1.6355e-06
   31   84  0     1.3898e-07
   31   85  0     2.0724e-08
   31   86  0     3.1949e-12
   31   87  0     4.0128e-10
   31   88  0     1.1366e-12
   31   89  0     0.0000e+00
   32   69  0     0.0000e+00
   32   70  0     0.0000e+00
   32   71  0     2.4674e-16
   32   71  1     1.0657e-15
   32   72  0     5.0564e-13
   32   73  0     2.7022e-11
   32   73  1     4.1209e-12
   32   74  0     9.4683e-10
   32   75  0     8.1439e-09
   32   75  1     1.5440e-08
   32   76  0     4.4344e-07
   32   77  0     7.3917e-06
   32   77  1     1.1470e-06
   32   78  0     6.6226e-05
   32   79  0     8.7461e-05
   32   79  1     1.4703e-04
   32   80  0     1.0588e-03
   32   81  0     1.1293e-03
   32   81  1     1.8325e-04
   32   82  0     1.2328e-03
   32   83  0     3.9560e-04
   32   84  0     1.6935e-04
   32   85  0     2.7762e-05
   32   86  0     3.4499e-07
   32   87  0     1.2708e-06
   32   88  0     3.5318e-08
   32   89  0     9.0110e-12
   32   90  0     1.5841e-13
   32   91  0     1.0043e-14
   33   72  0     0.0000e+00
   33   73  0     0.0000e+00
   33   74  0     1.1688e-13
   33   75  0     1.3311e-11
   33   76  0     7.1011e-10
   33   77  0     5.4000e-08
   33   78  0     9.3064e-06
   33   79  0     2.4315e-05
   33   80  0     1.1281e-04
   33   81  0     5.7677e-04
   33   82  0     5.5359e-04
   33   82  1     1.0129e-03
   33   83  0     2.9325e-03
   33   84  0     2.0625e-03
   33   85  0     1.0990e-03
   33   86  0     1.5237e-04
   33   87  0     3.1243e-04
   33   88  0     2.5615e-05
   33   89  0     2.4019e-07
   33   90  0     5.3275e-09
   33   91  0     2.1136e-09
   33   92  0     1.3664e-10
   33   93  0     5.3811e-14
   33   94  0     0.0000e+00
   33   95  0     0.0000e+00
   34   74  0     0.0000e+00
   34   75  0     0.0000e+00
   34   76  0     7.8880e-14
   34   77  0     3.7273e-12
   34   77  1     1.0014e-11
   34   78  0     1.0928e-09
   34   79  0     8.7467e-08
   34   79  1     1.8842e-08
   34   80  0     4.6351e-06
   34   81  0     2.8445e-05
   34   81  1     6.2901e-05
   34   82  0     4.2214e-04
   34   83  0     1.4101e-03
   34   83  1     4.2591e-04
   34   84  0     7.1756e-03
   34   85  0     9.7081e-03
   34   86  0     1.1627e-02
   34   87  0     6.0043e-03
   34   88  0     2.0799e-03
   34   89  0     2.2030e-04
   34   90  0     4.6593e-05
   34   91  0     1.0910e-05
   34   92  0     1.5023e-06
   34   93  0     4.4602e-09
   34   94  0     3.3571e-10
   34   95  0     2.5903e-13
   34   96  0     2.1870e-14
   35   77  0     0.0000e+00
   35   77  1     0.0000e+00
   35   78  0     1.2438e-14
   35   79  0     3.6009e-12
   35   79  1     1.1788e-11
   35   80  0     3.2272e-10
   35   80  1     9.1862e-10
   35   81  0     7.8981e-08
   35   82  0     7.2313e-07
   35   82  1     4.1709e-07
   35   83  0     1.9924e-04
   35   84  0     2.4055e-04
   35   84  1     3.7159e-04
   35   85  0     2.3266e-03
   35   86  0     6.6108e-03
   35   87  0     1.4890e-02
   35   88  0     1.5420e-02
   35   89  0     1.2206e-02
   35   90  0     3.9054e-03
   35   91  0     1.1020e-03
   35   92  0     4.1618e-05
   35   93  0     1.5608e-05
   35   94  0     3.4472e-06
   35   95  0     2.9764e-08
   35   96  0     1.0168e-09
   35   97  0     2.0934e-10
   35   98  0     4.1398e-13
   35   99  0     0.0000e+00
   35  100  0     0.0000e+00
   36   79  0     0.0000e+00
   36   79  1     0.0000e+00
   36   80  0     4.1140e-14
   36   81  0     4.2119e-12
   36   81  1     7.5812e-13
   36   82  0     3.1886e-10
   36   83  0     1.1187e-07
   36   83  1     2.7427e-08
   36   84  0     2.5905e-06
   36   85  0     2.2940e-05
   36   85  1     4.4446e-06
   36   86  0     1.2631e-03
   36   87  0     3.9431e-03
   36   88  0     1.7894e-02
   36   89  0     3.2833e-02
   36   90  0     4.4418e-02
   36   91  0     3.1985e-02
   36   92  0     1.6482e-02
   36   93  0     3.8347e-03
   36   94  0     1.1479e-03
   36   95  0     8.8913e-05
   36   96  0     1.0332e-05
   36   97  0     1.6723e-06
   36   98  0     4.5077e-08
   36   99  0     8.7185e-11
   36  100  0     4.2293e-12
   36  101  0     4.5407e-13
   36  102  0     0.0000e+00
   37   81  0     0.0000e+00
   37   81  1     0.0000e+00
   37   82  0     0.0000e+00
   37   82  1     0.0000e+00
   37   83  0     1.0386e-11
   37   84  0     1.8931e-11
   37   84  1     6.1266e-12
   37   85  0     3.7170e-08
   37   86  0     1.4297e-08
   37   86  1     2.2839e-08
   37   87  0     4.5499e-04
   37   88  0     3.2520e-04
   37   89  0     1.9756e-03
   37   90  0     4.3579e-03
   37   90  1     4.4112e-03
   37   91  0     2.2620e-02
   37   92  0     3.3476e-02
   37   93  0     3.8767e-02
   37   94  0     1.8628e-02
   37   95  0     7.7509e-03
   37   96  0     1.5202e-03
   37   97  0     4.2746e-04
   37   98  0     1.4324e-05
   37   98  1     1.2377e-05
   37   99  0     2.9283e-06
   37  100  0     5.4450e-08
   37  101  0     2.1049e-08
   37  102  0     1.5470e-10
   37  103  0     3.1119e-13
   37  104  0     0.0000e+00
   37  105  0     0.0000e+00
   38   83  0     0.0000e+00
   38   83  1     0.0000e+00
   38   84  0     0.0000e+00
   38   85  0     1.0388e-12
   38   85  1     2.4052e-13
   38   86  0     6.7528e-11
   38   87  0     8.7419e-08
   38   87  1     1.6186e-08
   38   88  0     9.5990e-06
   38   89  0     1.0216e-04
   38   90  0     6.9159e-04
   38   91  0     2.5710e-03
   38   92  0     9.2729e-03
   38   93  0     1.9727e-02
   38   94  0     4.1828e-02
   38   95  0     4.4454e-02
   38   96  0     3.8662e-02
   38   97  0     1.6410e-02
   38   98  0     6.8697e-03
   38   99  0     1.0163e-03
   38  100  0     1.5072e-04
   38  101  0     4.5551e-05
   38  102  0     2.2594e-06
   38  103  0     1.2017e-08
   38  104  0     1.5626e-09
   38  105  0     0.0000e+00
   38  106  0     0.0000e+00
   38  107  0     0.0000e+00
   39   86  0     0.0000e+00
   39   86  1     0.0000e+00
   39   87  0     0.0000e+00
   39   87  1     0.0000e+00
   39   88  0     1.8007e-10
   39   88  1     0.0000e+00
   39   88  2     0.0000e+00
   39   89  0     6.2157e-09
   39   89  1     1.1729e-08
   39   90  0     1.3152e-07
   39   90  1     1.3972e-07
   39   91  0     4.3983e-07
   39   91  1     1.4517e-06
   39   92  0     9.5046e-04
   39   93  0     3.5535e-04
   39   93  1     7.7240e-04
   39   94  0     3.0893e-03
   39   95  0     1.1300e-02
   39   96  0     1.7208e-02
   39   96  1     2.7251e-03
   39   97  0     4.5390e-03
   39   97  1     1.8959e-02
   39   97  2     9.6988e-03
   39   98  0     2.0908e-02
   39   98  1     4.7695e-03
   39   99  0     1.9372e-02
   39  100  0     5.2241e-03
   39  100  1     3.9961e-04
   39  101  0     2.0017e-03
   39  102  0     7.1678e-04
   39  102  1     6.1354e-05
   39  103  0     2.3252e-05
   39  104  0     2.8465e-06
   39  105  0     1.5134e-11
   39  106  0     1.0815e-13
   39  107  0     2.4735e-19
   39  108  0     3.7644e-25
   39  109  0     2.7839e-13
   40   88  0     0.0000e+00
   40   89  0     0.0000e+00
   40   89  1     0.0000e+00
   40   90  0     5.3124e-12
   40   90  1     2.2356e-11
   40   91  0     8.1828e-11
   40   92  0     3.4674e-07
   40   93  0     3.5906e-06
   40   94  0     3.9452e-05
   40   95  0     1.4478e-03
   40   96  0     3.2794e-03
   40   97  0     9.4002e-03
   40   98  0     2.4648e-02
   40   99  0     3.6720e-02
   40  100  0     4.9985e-02
   40  101  0     2.8640e-02
   40  102  0     1.6444e-02
   40  103  0     4.0863e-03
   40  104  0     1.0758e-03
   40  105  0     4.1222e-04
   40  106  0     1.9331e-07
   40  107  0     3.0677e-10
   40  108  0     4.8545e-14
   40  109  0     7.3682e-09
   40  110  0     8.0099e-11
   40  111  0     6.8393e-15
   40  112  0     1.3074e-15
   41   90  0     0.0000e+00
   41   90  1     0.0000e+00
   41   91  0     0.0000e+00
   41   91  1     0.0000e+00
   41   92  0     4.7860e-10
   41   92  1     0.0000e+00
   41   93  0     3.7177e-10
   41   93  1     8.6074e-11
   41   94  0     4.1426e-09
   41   94  1     2.7553e-09
   41   95  0     4.7898e-08
   41   95  1     2.0373e-09
   41   96  0     5.7135e-06
   41   97  0     4.5550e-04
   41   97  1     8.8894e-05
   41   98  0     2.5676e-04
   41   98  1     4.3052e-04
   41   99  0     3.1851e-03
   41   99  1     6.2022e-04
   41  100  0     2.4622e-03
   41  100  1     3.7554e-03
   41  101  0     1.8929e-02
   41  102  0     1.0843e-02
   41  102  1     6.6654e-03
   41  103  0     1.3267e-02
   41  104  0     4.6284e-03
   41  104  1     3.2262e-04
   41  105  0     1.5404e-03
   41  106  0     2.4249e-04
   41  107  0     2.7330e-05
   41  108  0     2.6830e-07
   41  109  0     7.0504e-06
   41  110  0     1.3914e-07
   41  111  0     3.9615e-10
   41  112  0     3.5858e-11
   41  113  0     1.9543e-13
   41  114  0     1.0428e-16
   41  115  0     0.0000e+00
   42   92  0     0.0000e+00
   42   93  0     0.0000e+00
   42   93  1     0.0000e+00
   42   94  0     0.0000e+00
   42   95  0     4.4819e-13
   42   96  0     1.5044e-08
   42   97  0     7.7886e-08
   42   98  0     1.9551e-06
   42   99  0     1.8374e-04
   42  100  0     9.5918e-04
   42  101  0     2.1167e-03
   42  102  0     8.1077e-03
   42  103  0     1.2072e-02
   42  104  0     1.1949e-02
   42  105  0     7.1624e-03
   42  106  0     3.4091e-03
   42  107  0     1.2162e-03
   42  108  0     2.7729e-04
   42  109  0     1.5713e-04
   42  110  0     4.1158e-05
   42  111  0     7.6921e-07
   42  112  0     1.5190e-07
   42  113  0     3.9864e-09
   42  114  0     2.4321e-11
   42  115  0     1.1231e-14
   42  116  0     0.0000e+00
   42  117  0     2.0635e-16
   43   95  0     0.0000e+00
   43   95  1     0.0000e+00
   43   96  0     0.0000e+00
   43   96  1     0.0000e+00
   43   97  0     0.0000e+00
   43   97  1     0.0000e+00
   43   98  0     7.2197e-11
   43   99  0     3.2385e-08
   43   99  1     3.3793e-09
   43  100  0     2.6326e-07
   43  101  0     2.6277e-06
   43  102  0     1.3101e-04
   43  102  1     2.1629e-05
   43  103  0     8.6444e-04
   43  104  0     8.2438e-04
   43  105  0     5.2838e-04
   43  106  0     3.6414e-04
   43  107  0     2.1864e-04
   43  108  0     2.6294e-04
   43  109  0     1.3964e-04
   43  110  0     1.1260e-04
   43  111  0     3.4469e-05
   43  112  0     9.0301e-06
   43  113  0     2.7865e-06
   43  114  0     7.0532e-08
   43  115  0     5.7277e-10
   43  116  0     2.4328e-10
   43  117  0     2.0796e-11
   43  118  0     3.9265e-15
   43  119  0     6.0459e-18
   43  120  0     0.0000e+00
   44   98  0     0.0000e+00
   44   99  0     0.0000e+00
   44  100  0     2.9999e-07
   44  101  0     3.7821e-10
   44  102  0     7.6585e-08
   44  103  0     1.1778e-06
   44  103  1     1.4399e-06
   44  104  0     7.4377e-06
   44  105  0     2.3749e-07
   44  106  0     3.9368e-07
   44  107  0     5.8092e-08
   44  108  0     8.6367e-07
   44  109  0     8.4241e-06
   44  110  0     9.9358e-05
   44  111  0     1.2626e-04
   44  112  0     9.3611e-05
   44  113  0     3.3731e-05
   44  113  1     2.5193e-05
   44  114  0     1.6086e-05
   44  115  0     7.8809e-07
   44  116  0     5.0382e-07
   44  117  0     8.0855e-08
   44  118  0     3.3773e-10
   44  119  0     2.6072e-12
   44  120  0     2.0617e-12
   44  121  0     1.4493e-15
   44  122  0     0.0000e+00
   44  123  0     0.0000e+00
   44  124  0     0.0000e+00
   45  100  0     0.0000e+00
   45  100  1     0.0000e+00
   45  101  0     3.4653e-13
   45  101  1     0.0000e+00
   45  102  0     2.2320e-12
   45  102  1     5.2330e-12
   45  103  0     7.3462e-11
   45  103  1     4.7888e-10
   45  104  0     3.4669e-10
   45  104  1     1.0953e-09
   45  105  0     0.0000e+00
   45  105  1     0.0000e+00
   45  106  0     0.0000e+00
   45  106  1     0.0000e+00
   45  107  0     0.0000e+00
   45  108  0     0.0000e+00
   45  108  1     0.0000e+00
   45  109  0     2.3297e-08
   45  110  0     1.1367e-06
   45  110  1     8.4167e-08
   45  111  0     1.2734e-05
   45  112  0     2.5400e-05
   45  112  1     5.6285e-07
   45  113  0     7.4192e-05
   45  114  0     5.4385e-05
   45  114  1     5.9256e-06
   45  115  0     3.4649e-05
   45  116  0     5.7749e-06
   45  116  1     8.6660e-06
   45  117  0     1.0727e-05
   45  118  0     3.7903e-07
   45  119  0     5.4334e-08
   45  120  0     1.2091e-08
   45  121  0     1.2904e-10
   45  122  0     1.9517e-12
   45  123  0     7.2755e-14
   45  124  0     1.2565e-16
   45  125  0     0.0000e+00
   45  126  0     0.0000e+00
   45  127  0     0.0000e+00
   45  128  0     0.0000e+00
   46  102  0     0.0000e+00
   46  103  0     0.0000e+00
   46  104  0     0.0000e+00
   46  105  0     0.0000e+00
   46  106  0     0.0000e+00
   46  107  0     0.0000e+00
   46  107  1     0.0000e+00
   46  108  0     0.0000e+00
   46  109  0     9.4746e-13
   46  109  1     2.3544e-12
   46  110  0     3.2221e-09
   46  111  0     4.5296e-08
   46  111  1     6.1782e-08
   46  112  0     1.6898e-06
   46  113  0     3.0761e-06
   46  113  1     3.0633e-06
   46  114  0     4.1274e-05
   46  115  0     2.8889e-05
   46  115  1     4.7797e-05
   46  116  0     5.9713e-05
   46  117  0     4.2887e-05
   46  117  1     2.4595e-05
   46  118  0     3.0947e-05
   46  119  0     1.0708e-05
   46  120  0     4.8733e-06
   46  121  0     4.2023e-07
   46  122  0     3.3020e-08
   46  123  0     1.8502e-09
   46  124  0     5.7611e-11
   46  125  0     0.0000e+00
   46  126  0     0.0000e+00
   46  127  0     0.0000e+00
   46  128  0     1.0723e-16
   46  129  0     0.0000e+00
   46  130  0     2.4623e-19
   46  131  0     0.0000e+00
   47  105  0     0.0000e+00
   47  105  1     0.0000e+00
   47  106  0     0.0000e+00
   47  106  1     0.0000e+00
   47  107  0     0.0000e+00
   47  107  1     0.0000e+00
   47  108  0     0.0000e+00
   47  108  1     0.0000e+00
   47  109  0     0.0000e+00
   47  109  1     0.0000e+00
   47  110  0     3.1958e-14
   47  110  1     5.1070e-14
   47  111  0     8.6914e-12
   47  111  1     3.0468e-11
   47  112  0     2.1361e-09
   47  113  0     5.3987e-09
   47  113  1     1.8278e-08
   47  114  0     5.4887e-07
   47  114  1     5.5385e-08
   47  115  0     2.9589e-06
   47  115  1     1.0707e-05
   47  116  0     2.6138e-05
   47  116  1     1.1709e-05
   47  116  2     1.9863e-05
   47  117  0     1.9555e-05
   47  117  1     2.8812e-05
   47  118  0     4.9850e-05
   47  118  1     1.3740e-05
   47  119  0     4.1891e-05
   47  119  1     4.2234e-05
   47  120  0     4.9431e-05
   47  120  1     8.2529e-06
   47  121  0     2.2690e-05
   47  122  0     1.3952e-06
   47  122  1     8.2902e-07
   47  123  0     1.6551e-06
   47  124  0     6.5329e-08
   47  125  0     7.0464e-08
   47  126  0     1.1300e-08
   47  127  0     1.8618e-08
   47  128  0     6.6378e-11
   47  129  0     1.1149e-13
   47  130  0     7.2125e-13
   47  131  0     3.4215e-13
   47  132  0     0.0000e+00
   47  133  0     0.0000e+00
   48  108  0     0.0000e+00
   48  109  0     0.0000e+00
   48  110  0     0.0000e+00
   48  111  0     0.0000e+00
   48  111  1     0.0000e+00
   48  112  0     4.6072e-13
   48  113  0     1.1327e-12
   48  113  1     2.6674e-12
   48  114  0     1.0583e-09
   48  115  0     1.5696e-08
   48  115  1     5.1917e-08
   48  116  0     1.4018e-07
   48  117  0     2.0564e-07
   48  117  1     7.7271e-07
   48  118  0     1.8416e-05
   48  119  0     9.6811e-06
   48  119  1     1.8698e-05
   48  120  0     5.7231e-05
   48  121  0     5.5167e-05
   48  121  1     2.1621e-05
   48  122  0     1.0079e-04
   48  123  0     2.5502e-05
   48  123  1     1.7319e-05
   48  124  0     1.0835e-04
   48  125  0     7.2378e-06
   48  125  1     1.0061e-05
   48  126  0     1.1507e-05
   48  127  0     4.0775e-05
   48  128  0     4.2698e-06
   48  129  0     7.0278e-08
   48  130  0     3.9425e-07
   48  131  0     3.1139e-08
   48  132  0     3.3561e-09
   48  133  0     4.7891e-11
   48  134  0     4.4491e-13
   48  135  0     0.0000e+00
   48  136  0     0.0000e+00
   49  110  0     0.0000e+00
   49  110  1     0.0000e+00
   49  111  0     0.0000e+00
   49  111  1     0.0000e+00
   49  112  0     0.0000e+00
   49  112  1     0.0000e+00
   49  113  0     0.0000e+00
   49  113  1     0.0000e+00
   49  114  0     0.0000e+00
   49  114  1     0.0000e+00
   49  114  2     0.0000e+00
   49  115  0     1.2342e-11
   49  115  1     2.6464e-12
   49  116  0     1.0634e-11
   49  116  1     1.3507e-11
   49  116  2     2.8050e-11
   49  117  0     1.2984e-09
   49  117  1     3.0683e-10
   49  118  0     6.2421e-08
   49  118  1     2.0139e-08
   49  118  2     6.1308e-08
   49  119  0     4.3866e-06
   49  119  1     1.0866e-06
   49  120  0     5.0568e-06
   49  120  1     5.7958e-07
   49  120  2     6.5647e-07
   49  121  0     2.2566e-05
   49  121  1     6.7923e-06
   49  122  0     3.0744e-05
   49  122  1     5.8259e-06
   49  122  2     5.4582e-06
   49  123  0     6.9539e-05
   49  123  1     2.2489e-05
   49  124  0     1.5086e-05
   49  124  1     1.5168e-05
   49  125  0     9.8826e-05
   49  125  1     1.8756e-05
   49  126  0     4.8506e-05
   49  126  1     7.2913e-05
   49  127  0     2.3595e-04
   49  127  1     1.1321e-04
   49  127  2     3.4365e-04
   49  128  0     2.2962e-04
   49  128  1     1.7900e-04
   49  129  0     1.2926e-04
   49  129  1     8.3496e-05
   49  129  2     0.0000e+00
   49  130  0     3.1858e-05
   49  130  1     5.7895e-05
   49  130  2     2.4876e-05
   49  131  0     1.0734e-04
   49  131  1     2.3680e-06
   49  131  2     3.3397e-06
   49  132  0     1.2860e-05
   49  133  0     1.1668e-06
   49  134  0     1.7638e-08
   49  135  0     2.9581e-11
   49  136  0     1.4576e-12
   49  137  0     1.5433e-14
   49  138  0     0.0000e+00
   50  113  0     0.0000e+00
   50  113  1     0.0000e+00
   50  114  0     0.0000e+00
   50  115  0     0.0000e+00
   50  116  0     0.0000e+00
   50  117  0     3.5009e-14
   50  117  1     7.3482e-14
   50  118  0     1.1058e-10
   50  119  0     4.0852e-09
   50  119  1     1.2865e-08
   50  120  0     1.3897e-08
   50  121  0     2.6579e-07
   50  121  1     9.6416e-07
   50  122  0     7.4143e-06
   50  123  0     1.3681e-05
   50  123  1     6.2769e-06
   50  124  0     1.2895e-04
   50  125  0     1.0515e-04
   50  125  1     5.1776e-05
   50  126  0     4.4106e-04
   50  127  0     5.4907e-04
   50  127  1     2.8017e-04
   50  128  0     1.7337e-03
   50  128  1     1.3072e-03
   50  129  0     1.7424e-03
   50  129  1     2.5214e-03
   50  130  0     7.2185e-03
   50  130  1     7.4649e-03
   50  131  0     2.4508e-03
   50  131  1     6.6999e-03
   50  132  0     8.0347e-03
   50  133  0     1.4539e-03
   50  134  0     1.0724e-04
   50  135  0     1.1721e-06
   50  136  0     2.3599e-07
   50  137  0     2.7053e-09
   50  138  0     3.5425e-10
   50  139  0     2.9869e-13
   50  140  0     0.0000e+00
   51  116  0     0.0000e+00
   51  116  1     0.0000e+00
   51  117  0     0.0000e+00
   51  118  0     0.0000e+00
   51  118  1     0.0000e+00
   51  119  0     3.8885e-13
   51  120  0     3.9780e-13
   51  120  1     6.5144e-13
   51  121  0     4.6766e-10
   51  122  0     4.8654e-09
   51  122  1     3.3417e-09
   51  122  2     0.0000e+00
   51  123  0     1.3761e-07
   51  124  0     1.2273e-07
   51  124  1     5.3791e-08
   51  124  2     1.2347e-07
   51  125  0     6.5722e-06
   51  126  0     5.2515e-06
   51  126  1     3.2412e-06
   51  126  2     2.6348e-06
   51  127  0     7.2727e-06
   51  128  0     1.4115e-05
   51  128  1     2.0876e-05
   51  129  0     8.7288e-04
   51  129  1     8.1794e-05
   51  130  0     1.7619e-03
   51  130  1     1.2253e-03
   51  131  0     1.7293e-02
   51  132  0     1.6193e-02
   51  132  1     7.3233e-03
   51  133  0     3.2365e-02
   51  134  0     2.0054e-03
   51  134  1     2.1319e-03
   51  135  0     9.8271e-04
   51  136  0     8.2656e-05
   51  137  0     2.4457e-05
   51  138  0     1.3834e-06
   51  139  0     1.9947e-08
   51  140  0     1.5511e-10
   51  141  0     2.4911e-12
   51  142  0     4.5089e-14
   51  143  0     0.0000e+00
   52  119  0     0.0000e+00
   52  119  1     0.0000e+00
   52  120  0     0.0000e+00
   52  121  0     0.0000e+00
   52  121  1     0.0000e+00
   52  122  0     1.4346e-12
   52  123  0     1.3959e-11
   52  123  1     2.9243e-11
   52  124  0     1.6503e-09
   52  125  0     3.6182e-09
   52  125  1     8.9153e-09
   52  126  0     1.3811e-07
   52  127  0     3.6780e-10
   52  127  1     1.1269e-09
   52  128  0     8.8460e-08
   52  129  0     8.9697e-07
   52  129  1     2.3294e-06
   52  130  0     3.2307e-04
   52  131  0     5.5385e-04
   52  131  1     9.5659e-04
   52  132  0     1.1328e-02
   52  133  0     1.2132e-02
   52  133  1     1.8714e-02
   52  134  0     6.6197e-02
   52  135  0     2.6543e-02
   52  136  0     1.1941e-02
   52  137  0     2.6074e-03
   52  138  0     7.7427e-04
   52  139  0     5.4594e-05
   52  140  0     3.7503e-06
   52  141  0     1.0339e-07
   52  142  0     7.1174e-09
   52  143  0     2.4959e-11
   52  144  0     3.5787e-13
   52  145  0     0.0000e+00
   53  122  0     0.0000e+00
   53  123  0     0.0000e+00
   53  124  0     0.0000e+00
   53  125  0     0.0000e+00
   53  126  0     1.5402e-11
   53  127  0     0.0000e+00
   53  128  0     2.4223e-13
   53  129  0     0.0000e+00
   53  130  0     9.5408e-08
   53  130  1     3.7223e-08
   53  131  0     4.1149e-05
   53  132  0     1.4246e-04
   53  132  1     1.0337e-04
   53  133  0     1.8253e-03
   53  133  1     4.7934e-04
   53  134  0     4.8970e-03
   53  134  1     2.4672e-03
   53  135  0     3.6858e-02
   53  136  0     1.0749e-02
   53  136  1     1.2000e-03
   53  137  0     2.9987e-02
   53  138  0     1.5860e-02
   53  139  0     6.7830e-03
   53  140  0     2.7447e-03
   53  141  0     4.8781e-04
   53  142  0     1.6324e-05
   53  143  0     4.6156e-07
   53  144  0     1.1880e-08
   53  145  0     1.3032e-10
   53  146  0     9.6588e-13
   53  147  0     1.8471e-11
   53  148  0     0.0000e+00
   54  125  0     0.0000e+00
   54  125  1     0.0000e+00
   54  126  0     0.0000e+00
   54  127  0     0.0000e+00
   54  127  1     0.0000e+00
   54  128  0     7.3025e-20
   54  129  0     0.0000e+00
   54  129  1     0.0000e+00
   54  130  0     1.1707e-11
   54  131  0     6.7333e-09
   54  131  1     1.3519e-08
   54  132  0     1.6571e-06
   54  132  1     6.1909e-07
   54  133  0     1.3398e-05
   54  133  1     2.3604e-05
   54  134  0     6.1692e-04
   54  134  1     3.1398e-04
   54  135  0     3.5850e-04
   54  135  1     6.5777e-04
   54  136  0     3.9178e-02
   54  137  0     2.8710e-02
   54  138  0     4.6804e-02
   54  139  0     4.4159e-02
   54  140  0     2.9748e-02
   54  141  0     1.4380e-02
   54  142  0     4.4760e-03
   54  143  0     2.1120e-03
   54  144  0     6.6411e-05
   54  145  0     2.1606e-06
   54  146  0     7.9594e-08
   54  147  0     1.6054e-07
   54  148  0     3.9410e-10
   54  149  0     1.4627e-13
   54  150  0     0.0000e+00
   55  128  0     0.0000e+00
   55  129  0     0.0000e+00
   55  130  0     0.0000e+00
   55  130  1     0.0000e+00
   55  131  0     4.3494e-13
   55  132  0     1.7574e-10
   55  133  0     1.5631e-08
   55  134  0     4.4500e-08
   55  134  1     3.6178e-08
   55  135  0     2.2015e-06
   55  135  1     5.2806e-07
   55  136  0     2.2294e-05
   55  136  1     2.1955e-05
   55  137  0     5.5403e-04
   55  138  0     2.4408e-03
   55  138  1     1.6751e-03
   55  139  0     1.2716e-02
   55  140  0     2.6243e-02
   55  141  0     3.3427e-02
   55  142  0     2.5544e-02
   55  143  0     1.0493e-02
   55  144  0     4.2757e-03
   55  145  0     8.1471e-04
   55  146  0     6.6463e-05
   55  147  0     6.3844e-05
   55  148  0     1.8218e-05
   55  149  0     6.0438e-09
   55  150  0     1.2667e-11
   55  151  0     7.2551e-14
   55  152  0     1.2044e-16
   56  131  0     0.0000e+00
   56  131  1     0.0000e+00
   56  132  0     0.0000e+00
   56  133  0     3.3827e-13
   56  133  1     0.0000e+00
   56  134  0     4.3836e-11
   56  135  0     4.7231e-11
   56  135  1     1.3975e-10
   56  136  0     3.4105e-08
   56  136  1     1.2521e-08
   56  137  0     5.2883e-06
   56  137  1     9.3396e-06
   56  138  0     1.3355e-04
   56  139  0     4.3411e-04
   56  140  0     3.4629e-03
   56  141  0     9.9810e-03
   56  142  0     2.7684e-02
   56  143  0     4.1637e-02
   56  144  0     3.9283e-02
   56  145  0     1.9627e-02
   56  146  0     6.8363e-03
   56  147  0     3.0285e-03
   56  148  0     1.8218e-03
   56  149  0     5.6941e-04
   56  150  0     4.1626e-07
   56  151  0     5.5704e-09
   56  152  0     6.8392e-11
   56  153  0     8.8832e-14
   56  154  0     0.0000e+00
   57  133  0     0.0000e+00
   57  134  0     0.0000e+00
   57  135  0     0.0000e+00
   57  136  0     0.0000e+00
   57  136  1     0.0000e+00
   57  137  0     3.2667e-10
   57  138  0     6.0831e-08
   57  139  0     5.8851e-07
   57  140  0     7.6442e-06
   57  141  0     2.0679e-04
   57  142  0     7.7705e-04
   57  143  0     5.2664e-03
   57  144  0     1.0740e-02
   57  145  0     1.7662e-02
   57  146  0     1.1690e-02
   57  146  1     7.1095e-03
   57  147  0     1.5552e-02
   57  148  0     2.5184e-03
   57  149  0     1.2691e-03
   57  150  0     1.2052e-04
   57  151  0     1.3937e-05
   57  152  0     3.3603e-07
   57  153  0     4.2814e-09
   57  154  0     2.0341e-10
   57  155  0     3.4084e-12
   57  156  0     2.5286e-15
   57  157  0     4.2205e-19
   58  135  0     0.0000e+00
   58  135  1     0.0000e+00
   58  136  0     0.0000e+00
   58  137  0     0.0000e+00
   58  137  1     0.0000e+00
   58  138  0     3.8451e-12
   58  138  1     0.0000e+00
   58  139  0     4.1320e-12
   58  139  1     9.9704e-12
   58  140  0     3.6603e-09
   58  141  0     1.4651e-07
   58  142  0     3.8368e-06
   58  143  0     6.1380e-05
   58  144  0     6.4198e-04
   58  145  0     1.2323e-03
   58  146  0     4.2435e-03
   58  147  0     3.6986e-03
   58  148  0     1.2088e-02
   58  149  0     6.0966e-03
   58  150  0     3.9234e-03
   58  151  0     1.2068e-04
   58  151  1     8.1383e-04
   58  152  0     1.8899e-04
   58  153  0     6.5852e-06
   58  154  0     1.1287e-06
   58  155  0     4.3311e-08
   58  156  0     3.7822e-10
   58  157  0     2.4374e-13
   58  158  0     3.7873e-14
   58  159  0     7.4703e-17
   58  160  0     0.0000e+00
   59  138  0     0.0000e+00
   59  138  1     0.0000e+00
   59  139  0     0.0000e+00
   59  140  0     0.0000e+00
   59  141  0     5.3654e-12
   59  142  0     8.1149e-11
   59  142  1     1.9025e-10
   59  143  0     3.4657e-08
   59  144  0     2.1857e-07
   59  144  1     3.9076e-07
   59  145  0     4.1532e-06
   59  146  0     2.9029e-05
   59  147  0     1.2864e-04
   59  148  0     1.4799e-04
   59  148  1     1.2961e-04
   59  149  0     2.7399e-03
   59  150  0     2.1948e-03
   59  151  0     3.2258e-03
   59  152  0     1.0364e-03
   59  153  0     3.1279e-04
   59  154  0     7.0624e-05
   59  155  0     1.6840e-05
   59  156  0     3.7561e-07
   59  157  0     4.7834e-09
   59  158  0     3.8105e-10
   59  159  0     6.4772e-12
   59  160  0     2.3292e-13
   59  161  0     4.8340e-16
   59  162  0     4.9649e-20
   60  141  0     0.0000e+00
   60  141  1     0.0000e+00
   60  142  0     0.0000e+00
   60  143  0     8.3770e-13
   60  144  0     9.9319e-11
   60  145  0     5.3265e-10
   60  146  0     1.8678e-08
   60  147  0     3.8905e-07
   60  148  0     1.4545e-05
   60  149  0     1.4299e-04
   60  150  0     2.9475e-04
   60  151  0     7.5806e-04
   60  152  0     1.4117e-03
   60  153  0     7.9999e-04
   60  154  0     5.5886e-04
   60  155  0     1.7211e-04
   60  156  0     4.7609e-05
   60  157  0     2.1848e-06
   60  158  0     7.5839e-07
   60  159  0     1.8177e-08
   60  160  0     1.4088e-09
   60  161  0     1.2013e-11
   60  162  0     1.6507e-14
   60  163  0     0.0000e+00
   60  164  0     0.0000e+00
   61  144  0     0.0000e+00
   61  145  0     0.0000e+00
   61  146  0     3.8454e-12
   61  147  0     8.9509e-11
   61  148  0     1.4245e-09
   61  148  1     7.2913e-10
   61  149  0     5.8305e-07
   61  150  0     3.0005e-07
   61  151  0     1.0193e-05
   61  152  0     3.0276e-05
   61  152  1     1.0860e-06
   61  152  2     6.8458e-07
   61  153  0     1.4557e-04
   61  154  0     8.6744e-05
   61  154  1     2.3770e-05
   61  155  0     1.2702e-04
   61  156  0     6.9267e-05
   61  157  0     3.0549e-05
   61  158  0     7.0721e-06
   61  159  0     1.5656e-06
   61  160  0     1.3803e-07
   61  161  0     9.9003e-09
   61  162  0     5.2622e-11
   61  163  0     6.0410e-13
   61  164  0     1.2122e-14
   61  165  0     9.0137e-16
   61  166  0     1.1976e-18
   62  146  0     0.0000e+00
   62  147  0     0.0000e+00
   62  148  0     5.5777e-13
   62  149  0     1.7244e-10
   62  150  0     1.3455e-10
   62  151  0     5.2723e-09
   62  152  0     1.2251e-07
   62  153  0     1.1102e-06
   62  153  1     2.3786e-07
   62  154  0     3.3582e-06
   62  155  0     5.3989e-06
   62  156  0     3.1143e-05
   62  157  0     2.7304e-05
   62  158  0     2.4145e-05
   62  159  0     6.6132e-06
   62  160  0     2.0832e-06
   62  161  0     2.9206e-07
   62  162  0     1.7270e-08
   62  163  0     5.9883e-10
   62  164  0     5.1742e-11
   62  165  0     4.5875e-12
   62  166  0     6.0260e-14
   62  167  0     1.7596e-16
   62  168  0     0.0000e+00
   63  149  0     0.0000e+00
   63  150  0     0.0000e+00
   63  150  1     0.0000e+00
   63  151  0     9.4724e-14
   63  152  0     2.1871e-12
   63  152  1     2.4643e-13
   63  152  2     1.9670e-12
   63  153  0     3.8756e-10
   63  154  0     1.0548e-09
   63  154  1     4.9946e-10
   63  155  0     1.1516e-08
   63  156  0     1.6435e-07
   63  157  0     1.4717e-06
   63  158  0     8.7949e-07
   63  159  0     1.8656e-06
   63  160  0     8.8400e-07
   63  161  0     4.9581e-07
   63  162  0     7.2851e-08
   63  163  0     1.9412e-08
   63  164  0     2.0675e-09
   63  165  0     7.9887e-10
   63  166  0     2.8024e-11
   63  167  0     9.6879e-13
   63  168  0     2.3155e-14
   63  169  0     5.7112e-16
   63  170  0     1.8348e-18
   64  151  0     0.0000e+00
   64  152  0     0.0000e+00
   64  153  0     0.0000e+00
   64  154  0     6.2661e-14
   64  155  0     9.0060e-13
   64  155  1     0.0000e+00
   64  156  0     1.5273e-10
   64  157  0     4.0641e-09
   64  158  0     9.3183e-09
   64  159  0     2.8796e-08
   64  160  0     8.3489e-08
   64  161  0     5.5044e-08
   64  162  0     6.7825e-08
   64  163  0     3.6733e-08
   64  164  0     1.4767e-08
   64  165  0     5.8251e-09
   64  166  0     1.6669e-09
   64  167  0     1.7401e-10
   64  168  0     1.8639e-11
   64  169  0     8.1550e-13
   64  170  0     2.3134e-14
   64  171  0     2.3637e-15
   64  172  0     1.2024e-17
   65  154  0     0.0000e+00
   65  154  1     0.0000e+00
   65  154  2     0.0000e+00
   65  155  0     0.0000e+00
   65  156  0     0.0000e+00
   65  156  1     0.0000e+00
   65  156  2     0.0000e+00
   65  157  0     3.9493e-13
   65  158  0     5.6327e-13
   65  158  1     3.9093e-14
   65  158  2     0.0000e+00
   65  159  0     1.7023e-11
   65  160  0     3.0003e-10
   65  161  0     2.8471e-10
   65  162  0     1.0204e-09
   65  163  0     4.3396e-09
   65  164  0     1.8725e-09
   65  165  0     2.8212e-09
   65  166  0     1.6030e-09
   65  167  0     1.4968e-09
   65  168  0     1.7544e-10
   65  169  0     4.6109e-11
   65  170  0     1.6972e-12
   65  171  0     7.4833e-13
   65  172  0     1.2165e-14
   66  157  0     0.0000e+00
   66  157  1     0.0000e+00
   66  158  0     0.0000e+00
   66  159  0     0.0000e+00
   66  160  0     4.4979e-14
   66  161  0     5.2729e-14
   66  162  0     2.2134e-12
   66  163  0     2.4189e-11
   66  164  0     4.3403e-11
   66  165  0     5.4050e-11
   66  165  1     1.7398e-11
   66  166  0     3.3160e-10
   66  167  0     7.7801e-10
   66  168  0     3.6538e-10
   66  169  0     1.5775e-10
   66  170  0     3.7629e-11
   66  171  0     1.1008e-11
   66  172  0     1.6810e-12
   67  160  0     0.0000e+00
   67  160  1     0.0000e+00
   67  160  2     0.0000e+00
   67  161  0     0.0000e+00
   67  161  1     0.0000e+00
   67  162  0     0.0000e+00
   67  162  1     0.0000e+00
   67  163  0     4.2847e-15
   67  163  1     6.5728e-16
   67  164  0     3.1770e-15
   67  164  1     7.4485e-15
   67  165  0     7.1063e-14
   67  166  0     4.1845e-13
   67  166  1     4.5702e-13
   67  167  0     2.0511e-11
   67  168  0     5.0953e-12
   67  168  1     6.4437e-12
   67  169  0     3.2987e-11
   67  170  0     5.9814e-12
   67  170  1     3.9901e-12
   67  171  0     1.1079e-11
   67  172  0     3.8427e-12
   68  163  0     0.0000e+00
   68  164  0     0.0000e+00
   68  165  0     0.0000e+00
   68  166  0     2.7966e-16
   68  167  0     1.8140e-14
   68  167  1     3.8869e-15
   68  168  0     5.1969e-14
   68  169  0     3.7190e-13
   68  170  0     7.8585e-13
   68  171  0     6.6398e-13
   68  172  0     2.1389e-12
   69  166  0     0.0000e+00
   69  166  1     0.0000e+00
   69  167  0     0.0000e+00
   69  168  0     0.0000e+00
   69  169  0     1.7179e-16
   69  170  0     4.0651e-16
   69  171  0     1.7550e-15
   69  172  0     1.6328e-14
   70  168  0     0.0000e+00
   70  169  0     0.0000e+00
   70  169  1     0.0000e+00
   70  170  0     0.0000e+00
   70  171  0     2.2763e-20
   70  171  1     1.4839e-19
   70  172  0     1.7572e-17
   71  172  0     0.0000e+00
   71  172  1     0.0000e+00
